R13 main job 995550: status=valid  missing=[]

cell                         rows   tau | dead1/2/3 ch  | dead1/2/3 rc  | dead1/2/3 tok | gain B2: ch_wf ch_cal ch_xcal ch_ks | B3: rc_wf rc_cal rc_xcal rc_ks | t_wf B2/B3 | rho5
llama31-8b@8192             36864  2.09 | 81.6 16.5  1.0 | 17.9  3.2  0.3 | 98.4 23.2  0.0 |  2.53  1.35  1.30  0.33 |  1.75  1.04  1.01  1.12 | 32.59/21.73 | +0.33
llama31-8b@32768            36864  2.47 | 80.8 17.3  1.4 | 18.9  3.7  0.4 | 98.5 29.3  0.1 |  2.59  1.44  1.29  0.40 |  1.76  1.06  0.97  1.13 | 48.15/27.08 | +0.31
qwen3-8b@8192               41472  2.51 | 88.2 18.0  1.0 | 31.7 10.7  2.2 | 99.8 49.8  9.6 |  2.68  1.58  1.48  0.90 |  1.56  0.94  0.84  1.00 | 35.64/23.28 | +0.32
qwen3-8b@32768              41472  3.09 | 89.1 16.0  0.7 | 31.5 10.3  2.0 | 100.0 56.8  9.8 |  2.65  1.57  1.50  1.18 |  1.47  0.90  0.81  1.00 | 45.54/27.14 | +0.35
mistral-7b@8192             36864  1.99 | 82.9 14.6  0.8 | 16.9  2.3  0.2 | 96.9 13.3  0.0 |  2.62  1.60  1.49  0.49 |  1.64  1.05  0.99  1.09 | 24.38/18.43 | +0.13
qwen15-moe-a2.7b@8192       13824  2.42 | 82.4 16.9  1.4 | 22.6  6.6  1.4 | 94.2 30.9  0.3 |  4.08  1.19  1.39  0.37 |  2.47  0.69  0.82  1.09 | 40.33/24.95 | +0.40

Q1: C1_DEAD_CH
Q2: MIXED
Q2_dead2_ch_move_pts: [0.727250840928817, -2.0234284577546306]
Q2_dead2_tok_move_pts: [6.179470486111111, 7.091531635802467]
Q3: PAYS
Q3_best_deployable_gain_B2: [1.300774184101904, 1.2931429617705144, 1.478794242079596, 1.4962377799702027, 1.4897091709119339, 1.3909905011348824]
Q4: CONSUMED
Q4_rc_xcal_gain_B3: [1.007800617832389, 0.9742106773604315, 0.8409706545269069, 0.8117881783149481, 0.9894778424329771, 0.8240754337695998]
Q5: COUPLED
Q5_spearman: [0.3349250400549324, 0.31314946211947803, 0.3224006245252764, 0.34666879664347805, 0.1290934710460059, 0.3959542741853447]
n_cells: 6
